3328.800 -6.477717E-0005
3328.850 -7.391194E-0005
3328.900 -1.080680E-0004
3328.950 -1.661844E-0004
3329.000 -2.201282E-0005
3329.050  4.667170E-0005
3329.100 -4.664408E-0005
3329.150 -1.570276E-0005
3329.200 -1.868852E-0005
3329.250  8.667900E-0005
3329.300 -1.193715E-0005
3329.350 -4.588122E-0005
3329.400 -1.157253E-0006
3329.450  3.487272E-0005
3329.500  4.757853E-0005
3329.550  5.152721E-0006
3329.600  2.528000E-0005
3329.650 -1.250752E-0004
3329.700  2.694219E-0005
3329.750  4.982547E-0005
3329.800 -2.566165E-0006
3329.850  1.142523E-0004
3329.900  8.094430E-0005
3329.950 -4.290494E-0005
3330.000  5.907009E-0005
3330.050 -5.057270E-0005
3330.100 -5.928368E-0005
3330.150 -7.223519E-0005
3330.200  1.892588E-0005
3330.250 -4.025074E-0005
3330.300 -2.330431E-0005
3330.350  1.951064E-0005
3330.400 -1.930991E-0005
3330.450  2.456584E-0005
3330.500  2.709314E-0005
3330.550 -1.258060E-0004
3330.600  1.136795E-0005
3330.650 -8.555187E-0005
3330.700 -2.407718E-0005
3330.750  1.555797E-0005
3330.800  3.030176E-0006
3330.850 -7.459402E-0005
3330.900 -7.673158E-0005
3330.950  2.884810E-0005
3331.000  7.484442E-0005
3331.050 -4.540068E-0005
3331.100 -5.771632E-0005
3331.150 -2.656283E-0005
3331.200 -3.357757E-0005
3331.250  6.436901E-0005
3331.300  7.028879E-0005
3331.350 -1.136437E-0005
3331.400 -7.838618E-0005
3331.450  1.022999E-0005
3331.500 -6.866665E-0005
3331.550 -2.224652E-0005
3331.600 -9.075301E-0005
3331.650 -6.589528E-0006
3331.700  4.089088E-0005
3331.750 -7.259626E-0006
3331.800 -6.474000E-0005
3331.850 -4.652165E-0005
3331.900 -2.893918E-0005
3331.950 -5.906590E-0005
3332.000  6.474919E-0005
3332.050  5.858310E-0005
3332.100  3.990629E-0005
3332.150  9.883670E-0005
3332.200 -5.491055E-0005
3332.250 -7.295141E-0005
3332.300 -3.861768E-0005
3332.350 -4.071793E-0006
3332.400  6.725176E-0006
3332.450 -1.300586E-0004
3332.500 -4.335077E-0006
3332.550 -9.653043E-0006
3332.600  2.955778E-0005
3332.650  5.580155E-0006
3332.700  4.648722E-0005
3332.750 -8.966109E-0005
3332.800  5.620675E-0005
3332.850  5.640184E-0005
3332.900 -3.373299E-0005
3332.950 -1.107212E-0004
3333.000 -4.373296E-0005
3333.050  7.352096E-0006
3333.100 -3.634563E-0005
3333.150  1.252134E-0004
3333.200  1.423714E-0004
3333.250 -1.264828E-0005
3333.300  1.256773E-0005
3333.350  5.765161E-0006
3333.400 -4.641980E-0006
3333.450  1.039604E-0005
3333.500  9.530851E-0006
3333.550  3.983560E-0005
3333.600  1.714965E-0004
3333.650  4.997954E-0005
3333.700 -7.288676E-0006
3333.750 -2.214867E-0005
3333.800 -3.149561E-0005
3333.850 -1.073237E-0005
3333.900  5.731574E-0005
3333.950  3.439832E-0005
3334.000 -2.032553E-0005
3334.050  3.160765E-0005
3334.100  4.113262E-0005
3334.150  1.161784E-0004
3334.200  2.166693E-0004
3334.250 -1.164655E-0004
3334.300 -2.424467E-0005
3334.350 -2.421142E-0006
3334.400  5.756955E-0005
3334.450 -4.698398E-0005
3334.500  1.427762E-0004
3334.550  9.653407E-0005
3334.600 -7.417668E-0005
3334.650  2.758627E-0005
3334.700  6.616113E-0005
3334.750  3.963853E-0005
3334.800  5.107190E-0005
3334.850  1.129709E-0004
3334.900  7.330224E-0005
3334.950 -4.948723E-0005
3335.000 -1.531926E-0004
3335.050 -1.188589E-0004
3335.100 -3.978425E-0005
3335.150 -5.422036E-0005
3335.200  9.546430E-0005
3335.250 -2.902141E-0005
3335.300 -6.423740E-0005
3335.350  8.777947E-0005
3335.400  1.053619E-0004
3335.450  4.639749E-0005
3335.500 -1.914084E-0005
3335.550  7.816924E-0005
3335.600  2.238512E-0005
3335.650 -1.940412E-0005
3335.700 -8.430596E-0005
3335.750 -1.021341E-0004
3335.800  4.691405E-0005
3335.850  3.546513E-0008
3335.900  1.062079E-0005
3335.950  5.258815E-0005
3336.000 -2.715662E-0005
3336.050 -2.152770E-0006
3336.100 -8.825924E-0005
3336.150 -3.717410E-0005
3336.200  1.235367E-0004
3336.250  1.729255E-0004
3336.300  8.342653E-0005
3336.350  5.584417E-0005
3336.400 -6.652089E-0005
3336.450 -2.179702E-0005
3336.500  2.186658E-0005
3336.550  9.055109E-0005
3336.600  3.985570E-0005
3336.650  3.793031E-0005
3336.700 -3.248459E-0005
3336.750  2.814250E-0005
3336.800  1.837124E-0005
3336.850  2.895649E-0005
3336.900  5.650479E-0005
3336.950 -2.048345E-0005
3337.000  9.185335E-0006
3337.050 -8.431191E-0006
3337.100  2.038948E-0005
3337.150  3.012668E-0005
3337.200  3.647080E-0005
3337.250 -3.797308E-0005
3337.300 -9.036472E-0005
3337.350  4.956575E-0005
3337.400  8.729257E-0005
3337.450  5.228875E-0005
3337.500  1.113538E-0005
3337.550  6.858162E-0005
3337.600  7.089676E-0005
3337.650 -5.125615E-0005
3337.700 -8.286748E-0005
3337.750 -1.541305E-0004
3337.800  7.846220E-0005
3337.850  1.049506E-0004
3337.900  3.962457E-0005
3337.950 -1.531143E-0005
3338.000  6.418704E-0005
3338.050  3.406031E-0005
3338.100 -3.911112E-0005
3338.150  1.875901E-0005
3338.200  5.097269E-0005
3338.250 -7.499764E-0005
3338.300  1.181555E-0004
3338.350  5.367801E-0005
3338.400 -7.759313E-0005
3338.450  2.014128E-0005
3338.500  2.860596E-0005
3338.550  2.774077E-0005
3338.600  2.433069E-0005
3338.650 -1.130901E-0005
3338.700 -1.917187E-0005
3338.750 -3.551595E-0005
3338.800 -8.833138E-0005
3338.850 -4.297155E-0005
3338.900  5.455079E-0005
3338.950  5.389723E-0005
3339.000  6.490628E-0005
3339.050 -2.310807E-0005
3339.100  8.480433E-0005
3339.150  7.185282E-0005
3339.200  4.130177E-0005
3339.250  1.541566E-0005
3339.300  1.148458E-0004
3339.350  8.808183E-0006
3339.400  6.731479E-0005
3339.450  1.887977E-0004
3339.500  1.658797E-0004
3339.550  4.139402E-0005
3339.600 -9.432945E-0005
3339.650  7.062202E-0005
3339.700  8.799224E-0005
3339.750 -2.143838E-0005
3339.800  4.809426E-0005
3339.850 -2.062439E-0005
3339.900 -2.170166E-0005
3339.950 -4.292284E-0005
3340.000  8.788992E-0005
3340.050  2.515694E-0004
3340.100  1.904844E-0004
3340.150 -2.348317E-0005
3340.200  7.191852E-0005
3340.250  8.101968E-0005
3340.300  2.184253E-0005
3340.350  1.412054E-0004
3340.400  6.018825E-0005
3340.450  6.080714E-0005
3340.500  9.832172E-0005
3340.550  6.289357E-0005
3340.600 -5.241881E-0007
3340.650  1.035714E-0004
3340.700  1.415099E-0004
3340.750  1.107466E-0004
3340.800  9.970347E-0005
3340.850  6.088283E-0005
3340.900  5.641308E-0005
3340.950  1.038934E-0004
3341.000  8.669300E-0006
3341.050  1.268120E-0005
3341.100  6.737091E-0005
3341.150  1.839768E-0004
3341.200  5.016120E-0005
3341.250 -4.463813E-0005
3341.300  1.145507E-0006
3341.350 -7.647869E-0005
3341.400 -1.924453E-0005
3341.450  1.996629E-0005
3341.500 -4.854020E-0005
3341.550 -7.993989E-0005
3341.600 -7.974481E-0005
3341.650  1.061991E-0004
3341.700  5.762431E-0005
3341.750  4.297647E-0005
3341.800 -2.531786E-0005
3341.850  1.410460E-0005
3341.900 -2.875879E-0006
3341.950 -1.391906E-0005
3342.000  1.279198E-0004
3342.050  8.570668E-0005
3342.100  1.232309E-0005
3342.150  5.937926E-0005
3342.200  7.836270E-0006
3342.250  5.658860E-0005
3342.300 -9.885489E-0005
3342.350  1.605465E-0005
3342.400 -1.682904E-0005
3342.450 -6.985664E-0005
3342.500 -1.144025E-0004
3342.550 -3.097605E-0006
3342.600  5.244023E-0005
3342.650  7.702036E-0005
3342.700  3.777540E-0005
3342.750 -7.356363E-0005
3342.800 -4.879109E-0006
3342.850  6.910630E-0005
3342.900  6.781740E-0005
3342.950 -4.436976E-0005
3343.000  4.806323E-0005
3343.050  6.225314E-0005
3343.100  1.493852E-0004
3343.150  3.783412E-0005
3343.200 -2.791584E-0005
3343.250  1.540781E-0006
3343.300  6.619632E-0005
3343.350 -2.987546E-0005
3343.400  2.460218E-0005
3343.450  5.702749E-0005
3343.500  8.351595E-0005
3343.550 -3.397262E-0005
3343.600 -4.353120E-0005
3343.650  1.243051E-0005
3343.700  9.129303E-0005
3343.750  1.385613E-0004
3343.800 -3.099581E-0006
3343.850  7.003771E-0005
3343.900  7.129317E-0005
3343.950 -2.477914E-0005
3344.000 -4.197134E-0005
3344.050 -5.661970E-0005
3344.100  5.850201E-0005
3344.150  1.671277E-0005
3344.200 -3.101341E-0005
3344.250  7.371814E-0005
3344.300 -4.398207E-0005
3344.350  1.727074E-0004
3344.400  7.811979E-0005
3344.450  6.665228E-0005
3344.500  1.054393E-0004
3344.550  4.541404E-0005
3344.600  1.080344E-0006
3344.650  1.567019E-0004
3344.700  8.501513E-0005
3344.750  8.393778E-0005
3344.800  3.430266E-0005
3344.850  7.817842E-0005
3344.900  1.019099E-0004
3344.950  1.814089E-0004
3345.000  1.001795E-0004
3345.050  1.640578E-0005
3345.100  1.448030E-0005
3345.150  1.245134E-0004
3345.200  1.015959E-0004
3345.250  6.850000E-0005
3345.300  1.458784E-0004
3345.350  2.860202E-0005
3345.400  6.675264E-0005
3345.450  5.655757E-0005
3345.500  7.346785E-0006
3345.550  1.583034E-0004
3345.600  2.098128E-0004
3345.650  1.408820E-0004
3345.700  1.779723E-0004
3345.750  1.141307E-0004
3345.800  6.322368E-0005
3345.850  9.501251E-0005
3345.900  1.391005E-0004
3345.950  9.794715E-0005
3346.000  1.363099E-0004
3346.050  2.264106E-0004
3346.100  2.484458E-0004
3346.150  1.152662E-0004
3346.200  1.587182E-0004
3346.250  1.296512E-0004
3346.300  1.578360E-0004
3346.350  2.693525E-0004
3346.400  1.804901E-0004
3346.450  1.819576E-0004
3346.500  2.890214E-0004
3346.550  2.347219E-0004
3346.600  2.249506E-0004
3346.650  3.449495E-0004
3346.700  3.699533E-0004
3346.750  3.410986E-0004
3346.800  4.996887E-0004
3346.850  3.359751E-0004
3346.900  3.558903E-0004
3346.950  4.004021E-0004
3347.000  4.124714E-0004
3347.050  5.174151E-0004
3347.100  5.629871E-0004
3347.150  5.127161E-0004
3347.200  6.006964E-0004
3347.250  5.779911E-0004
3347.300  7.009581E-0004
3347.350  8.090821E-0004
3347.400  8.410837E-0004
3347.450  8.599386E-0004
3347.500  1.036340E-0003
3347.550  1.084880E-0003
3347.600  1.015950E-0003
3347.650  1.261265E-0003
3347.700  1.311078E-0003
3347.750  1.442102E-0003
3347.800  1.528175E-0003
3347.850  1.681676E-0003
3347.900  1.778138E-0003
3347.950  1.836221E-0003
3348.000  2.177591E-0003
3348.050  2.381134E-0003
3348.100  2.535484E-0003
3348.150  2.621980E-0003
3348.200  2.795201E-0003
3348.250  2.898236E-0003
3348.300  3.182355E-0003
3348.350  3.445906E-0003
3348.400  3.708821E-0003
3348.450  4.094720E-0003
3348.500  4.284481E-0003
3348.550  4.547820E-0003
3348.600  4.690719E-0003
3348.650  5.131325E-0003
3348.700  5.273800E-0003
3348.750  5.671998E-0003
3348.800  5.892081E-0003
3348.850  6.310634E-0003
3348.900  6.629952E-0003
3348.950  6.836040E-0003
3349.000  6.956039E-0003
3349.050  7.130108E-0003
3349.100  7.402564E-0003
3349.150  7.625403E-0003
3349.200  7.693028E-0003
3349.250  7.804545E-0003
3349.300  7.991124E-0003
3349.350  8.003618E-0003
3349.400  8.134007E-0003
3349.450  8.073558E-0003
3349.500  8.031980E-0003
3349.550  7.943118E-0003
3349.600  7.860828E-0003
3349.650  7.800167E-0003
3349.700  7.623307E-0003
3349.750  7.543562E-0003
3349.800  7.329172E-0003
3349.850  7.130471E-0003
3349.900  6.901873E-0003
3349.950  6.692994E-0003
3350.000  6.413082E-0003
3350.050  6.250853E-0003
3350.100  5.942951E-0003
3350.150  5.826311E-0003
3350.200  5.636941E-0003
3350.250  5.362117E-0003
3350.300  5.158540E-0003
3350.350  5.053350E-0003
3350.400  4.998626E-0003
3350.450  4.891104E-0003
3350.500  5.022553E-0003
3350.550  4.943444E-0003
3350.600  5.031424E-0003
3350.650  5.049219E-0003
3350.700  5.081221E-0003
3350.750  5.225816E-0003
3350.800  5.365322E-0003
3350.850  5.617423E-0003
3350.900  5.713885E-0003
3350.950  5.985281E-0003
3351.000  6.064144E-0003
3351.050  6.187960E-0003
3351.100  6.389383E-0003
3351.150  6.560483E-0003
3351.200  6.706563E-0003
3351.250  6.681101E-0003
3351.300  6.697835E-0003
3351.350  6.715842E-0003
3351.400  6.600262E-0003
3351.450  6.294692E-0003
3351.500  6.255872E-0003
3351.550  6.048478E-0003
3351.600  5.765385E-0003
3351.650  5.333014E-0003
3351.700  4.852511E-0003
3351.750  4.326417E-0003
3351.800  3.839552E-0003
3351.850  3.261721E-0003
3351.900  2.761497E-0003
3351.950  2.034176E-0003
3352.000  1.402698E-0003
3352.050  8.187175E-0004
3352.100  1.520411E-0004
3352.150 -5.472898E-0004
3352.200 -1.152898E-0003
3352.250 -1.849686E-0003
3352.300 -2.511697E-0003
3352.350 -3.085500E-0003
3352.400 -3.539074E-0003
3352.450 -4.045872E-0003
3352.500 -4.377946E-0003
3352.550 -4.853997E-0003
3352.600 -5.182468E-0003
3352.650 -5.469589E-0003
3352.700 -5.625669E-0003
3352.750 -5.893494E-0003
3352.800 -5.804667E-0003
3352.850 -5.877202E-0003
3352.900 -5.761232E-0003
3352.950 -5.774608E-0003
3353.000 -5.550073E-0003
3353.050 -5.490294E-0003
3353.100 -5.333612E-0003
3353.150 -5.115225E-0003
3353.200 -4.921224E-0003
3353.250 -4.710896E-0003
3353.300 -4.487633E-0003
3353.350 -4.231716E-0003
3353.400 -4.102387E-0003
3353.450 -4.009317E-0003
3353.500 -3.828251E-0003
3353.550 -3.548797E-0003
3353.600 -3.490926E-0003
3353.650 -3.427755E-0003
3353.700 -3.474421E-0003
3353.750 -3.361632E-0003
3353.800 -3.441589E-0003
3353.850 -3.444998E-0003
3353.900 -3.375253E-0003
3353.950 -3.425525E-0003
3354.000 -3.583089E-0003
3354.050 -3.540273E-0003
3354.100 -3.670272E-0003
3354.150 -3.738567E-0003
3354.200 -3.712079E-0003
3354.250 -3.658026E-0003
3354.300 -3.576406E-0003
3354.350 -3.442625E-0003
3354.400 -3.472964E-0003
3354.450 -3.266452E-0003
3354.500 -3.094927E-0003
3354.550 -2.804023E-0003
3354.600 -2.333306E-0003
3354.650 -1.976669E-0003
3354.700 -1.530761E-0003
3354.750 -1.053473E-0003
3354.800 -3.336076E-0004
3354.850  3.639930E-0004
3354.900  8.864472E-0004
3354.950  1.602284E-0003
3355.000  2.410995E-0003
3355.050  3.317456E-0003
3355.100  4.090756E-0003
3355.150  4.989161E-0003
3355.200  5.903044E-0003
3355.250  6.780881E-0003
3355.300  7.743958E-0003
3355.350  8.492661E-0003
3355.400  9.214222E-0003
3355.450  1.014294E-0002
3355.500  1.080386E-0002
3355.550  1.158395E-0002
3355.600  1.216238E-0002
3355.650  1.265748E-0002
3355.700  1.315449E-0002
3355.750  1.364556E-0002
3355.800  1.382620E-0002
3355.850  1.398458E-0002
3355.900  1.415759E-0002
3355.950  1.418811E-0002
3356.000  1.415904E-0002
3356.050  1.393893E-0002
3356.100  1.373556E-0002
3356.150  1.343932E-0002
3356.200  1.311382E-0002
3356.250  1.261529E-0002
3356.300  1.219458E-0002
3356.350  1.175628E-0002
3356.400  1.132391E-0002
3356.450  1.084192E-0002
3356.500  1.022040E-0002
3356.550  9.748176E-0003
3356.600  9.377933E-0003
3356.650  8.971008E-0003
3356.700  8.733928E-0003
3356.750  8.479885E-0003
3356.800  8.331439E-0003
3356.850  8.188929E-0003
3356.900  8.252737E-0003
3356.950  8.428078E-0003
3357.000  8.690570E-0003
3357.050  9.014552E-0003
3357.100  9.439044E-0003
3357.150  9.796740E-0003
3357.200  1.034570E-0002
3357.250  1.090780E-0002
3357.300  1.137852E-0002
3357.350  1.192790E-0002
3357.400  1.256804E-0002
3357.450  1.317997E-0002
3357.500  1.349505E-0002
3357.550  1.387544E-0002
3357.600  1.430332E-0002
3357.650  1.448630E-0002
3357.700  1.454650E-0002
3357.750  1.461328E-0002
3357.800  1.436050E-0002
3357.850  1.408907E-0002
3357.900  1.370420E-0002
3357.950  1.299278E-0002
3358.000  1.240817E-0002
3358.050  1.153305E-0002
3358.100  1.047770E-0002
3358.150  9.241910E-0003
3358.200  7.975791E-0003
3358.250  6.471548E-0003
3358.300  5.052123E-0003
3358.350  3.612977E-0003
3358.400  1.872733E-0003
3358.450  3.269304E-0004
3358.500 -1.098007E-0003
3358.550 -2.928371E-0003
3358.600 -4.486472E-0003
3358.650 -5.849918E-0003
3358.700 -7.208912E-0003
3358.750 -8.584233E-0003
3358.800 -9.694714E-0003
3358.850 -1.072928E-0002
3358.900 -1.171486E-0002
3358.950 -1.243434E-0002
3359.000 -1.310378E-0002
3359.050 -1.351621E-0002
3359.100 -1.382242E-0002
3359.150 -1.408515E-0002
3359.200 -1.403195E-0002
3359.250 -1.397578E-0002
3359.300 -1.369017E-0002
3359.350 -1.337764E-0002
3359.400 -1.287109E-0002
3359.450 -1.238659E-0002
3359.500 -1.184505E-0002
3359.550 -1.128634E-0002
3359.600 -1.065744E-0002
3359.650 -1.013011E-0002
3359.700 -9.642857E-0003
3359.750 -8.973459E-0003
3359.800 -8.536245E-0003
3359.850 -8.174730E-0003
3359.900 -7.807491E-0003
3359.950 -7.613703E-0003
3360.000 -7.365205E-0003
3360.050 -7.310728E-0003
3360.100 -7.296326E-0003
3360.150 -7.352111E-0003
3360.200 -7.433763E-0003
3360.250 -7.468768E-0003
3360.300 -7.724508E-0003
3360.350 -8.064215E-0003
3360.400 -8.359184E-0003
3360.450 -8.662419E-0003
3360.500 -9.037752E-0003
3360.550 -9.326356E-0003
3360.600 -9.619839E-0003
3360.650 -9.754929E-0003
3360.700 -9.982466E-0003
3360.750 -9.935621E-0003
3360.800 -9.905529E-0003
3360.850 -9.713648E-0003
3360.900 -9.445219E-0003
3360.950 -9.186758E-0003
3361.000 -8.634405E-0003
3361.050 -8.066786E-0003
3361.100 -7.230722E-0003
3361.150 -6.356703E-0003
3361.200 -5.392142E-0003
3361.250 -4.333433E-0003
3361.300 -2.998858E-0003
3361.350 -1.769032E-0003
3361.400 -3.632121E-0004
3361.450  1.240232E-0003
3361.500  2.729809E-0003
3361.550  4.304415E-0003
3361.600  5.916764E-0003
3361.650  7.562405E-0003
3361.700  9.156094E-0003
3361.750  1.065288E-0002
3361.800  1.218253E-0002
3361.850  1.357139E-0002
3361.900  1.486673E-0002
3361.950  1.615106E-0002
3362.000  1.737474E-0002
3362.050  1.830325E-0002
3362.100  1.911366E-0002
3362.150  1.978921E-0002
3362.200  2.038057E-0002
3362.250  2.068844E-0002
3362.300  2.084173E-0002
3362.350  2.084935E-0002
3362.400  2.076494E-0002
3362.450  2.032705E-0002
3362.500  2.004502E-0002
3362.550  1.955243E-0002
3362.600  1.898923E-0002
3362.650  1.827803E-0002
3362.700  1.750766E-0002
3362.750  1.668132E-0002
3362.800  1.602630E-0002
3362.850  1.508439E-0002
3362.900  1.430342E-0002
3362.950  1.356338E-0002
3363.000  1.306506E-0002
3363.050  1.249656E-0002
3363.100  1.217933E-0002
3363.150  1.185256E-0002
3363.200  1.165258E-0002
3363.250  1.160019E-0002
3363.300  1.175624E-0002
3363.350  1.203251E-0002
3363.400  1.256260E-0002
3363.450  1.310117E-0002
3363.500  1.375276E-0002
3363.550  1.454493E-0002
3363.600  1.545245E-0002
3363.650  1.642995E-0002
3363.700  1.726347E-0002
3363.750  1.816824E-0002
3363.800  1.922758E-0002
3363.850  2.008379E-0002
3363.900  2.097265E-0002
3363.950  2.160282E-0002
3364.000  2.207545E-0002
3364.050  2.246559E-0002
3364.100  2.269818E-0002
3364.150  2.279189E-0002
3364.200  2.243755E-0002
3364.250  2.195789E-0002
3364.300  2.105055E-0002
3364.350  2.000834E-0002
3364.400  1.877785E-0002
3364.450  1.731601E-0002
3364.500  1.566801E-0002
3364.550  1.360736E-0002
3364.600  1.152806E-0002
3364.650  9.268107E-0003
3364.700  6.811160E-0003
3364.750  4.394501E-0003
3364.800  1.818176E-0003
3364.850 -7.789304E-0004
3364.900 -3.340838E-0003
3364.950 -5.850583E-0003
3365.000 -8.379199E-0003
3365.050 -1.076129E-0002
3365.100 -1.282575E-0002
3365.150 -1.508634E-0002
3365.200 -1.659674E-0002
3365.250 -1.808784E-0002
3365.300 -1.946739E-0002
3365.350 -2.052465E-0002
3365.400 -2.139743E-0002
3365.450 -2.203973E-0002
3365.500 -2.235781E-0002
3365.550 -2.259383E-0002
3365.600 -2.245708E-0002
3365.650 -2.211252E-0002
3365.700 -2.163672E-0002
3365.750 -2.106083E-0002
3365.800 -2.019551E-0002
3365.850 -1.935838E-0002
3365.900 -1.854734E-0002
3365.950 -1.752213E-0002
3366.000 -1.653446E-0002
3366.050 -1.571557E-0002
3366.100 -1.475694E-0002
3366.150 -1.399191E-0002
3366.200 -1.325657E-0002
3366.250 -1.261940E-0002
3366.300 -1.204224E-0002
3366.350 -1.191524E-0002
3366.400 -1.173799E-0002
3366.450 -1.176303E-0002
3366.500 -1.187840E-0002
3366.550 -1.218609E-0002
3366.600 -1.249929E-0002
3366.650 -1.303090E-0002
3366.700 -1.366683E-0002
3366.750 -1.422324E-0002
3366.800 -1.494971E-0002
3366.850 -1.568637E-0002
3366.900 -1.651271E-0002
3366.950 -1.713613E-0002
3367.000 -1.778500E-0002
3367.050 -1.855664E-0002
3367.100 -1.913298E-0002
3367.150 -1.945891E-0002
3367.200 -1.981622E-0002
3367.250 -2.001386E-0002
3367.300 -2.011354E-0002
3367.350 -2.001750E-0002
3367.400 -1.990343E-0002
3367.450 -1.943378E-0002
3367.500 -1.903919E-0002
3367.550 -1.824956E-0002
3367.600 -1.746163E-0002
3367.650 -1.646229E-0002
3367.700 -1.536117E-0002
3367.750 -1.417630E-0002
3367.800 -1.277175E-0002
3367.850 -1.142466E-0002
3367.900 -1.003560E-0002
3367.950 -8.462902E-0003
3368.000 -6.943002E-0003
3368.050 -5.407200E-0003
3368.100 -3.813510E-0003
3368.150 -2.221093E-0003
3368.200 -7.427534E-0004
3368.250  5.884287E-0004
3368.300  1.931485E-0003
3368.350  3.264363E-0003
3368.400  4.442027E-0003
3368.450  5.613541E-0003
3368.500  6.516399E-0003
3368.550  7.210607E-0003
3368.600  7.935137E-0003
3368.650  8.539015E-0003
3368.700  8.858757E-0003
3368.750  9.258014E-0003
3368.800  9.451805E-0003
3368.850  9.619724E-0003
3368.900  9.486969E-0003
3368.950  9.667399E-0003
3369.000  9.445799E-0003
3369.050  9.260669E-0003
3369.100  8.862861E-0003
3369.150  8.722049E-0003
3369.200  8.481788E-0003
3369.250  8.098823E-0003
3369.300  7.812974E-0003
3369.350  7.540907E-0003
3369.400  7.339451E-0003
3369.450  7.187823E-0003
3369.500  7.174235E-0003
3369.550  7.035543E-0003
3369.600  7.052913E-0003
3369.650  7.158281E-0003
3369.700  7.391510E-0003
3369.750  7.602475E-0003
3369.800  7.987102E-0003
3369.850  8.581014E-0003
3369.900  8.896728E-0003
3369.950  9.501666E-0003
3370.000  1.003345E-0002
3370.050  1.056671E-0002
3370.100  1.121873E-0002
3370.150  1.167842E-0002
3370.200  1.220956E-0002
3370.250  1.263723E-0002
3370.300  1.312301E-0002
3370.350  1.336472E-0002
3370.400  1.340117E-0002
3370.450  1.344144E-0002
3370.500  1.349041E-0002
3370.550  1.333178E-0002
3370.600  1.308261E-0002
3370.650  1.260741E-0002
3370.700  1.190787E-0002
3370.750  1.116040E-0002
3370.800  1.029165E-0002
3370.850  9.199199E-0003
3370.900  8.005811E-0003
3370.950  6.845500E-0003
3371.000  5.444098E-0003
3371.050  4.057752E-0003
3371.100  2.591464E-0003
3371.150  1.035271E-0003
3371.200 -4.443730E-0004
3371.250 -1.919141E-0003
3371.300 -3.438227E-0003
3371.350 -4.851079E-0003
3371.400 -6.341963E-0003
3371.450 -7.695019E-0003
3371.500 -8.936117E-0003
3371.550 -9.958176E-0003
3371.600 -1.094355E-0002
3371.650 -1.179830E-0002
3371.700 -1.238780E-0002
3371.750 -1.290414E-0002
3371.800 -1.341645E-0002
3371.850 -1.376379E-0002
3371.900 -1.382975E-0002
3371.950 -1.398392E-0002
3372.000 -1.390442E-0002
3372.050 -1.369198E-0002
3372.100 -1.337711E-0002
3372.150 -1.305949E-0002
3372.200 -1.267401E-0002
3372.250 -1.217743E-0002
3372.300 -1.166600E-0002
3372.350 -1.111831E-0002
3372.400 -1.070379E-0002
3372.450 -1.020487E-0002
3372.500 -9.869019E-0003
3372.550 -9.413994E-0003
3372.600 -9.105704E-0003
3372.650 -8.888377E-0003
3372.700 -8.619947E-0003
3372.750 -8.528151E-0003
3372.800 -8.512901E-0003
3372.850 -8.581832E-0003
3372.900 -8.705469E-0003
3372.950 -9.008282E-0003
3373.000 -9.162454E-0003
3373.050 -9.499618E-0003
3373.100 -9.826602E-0003
3373.150 -1.030032E-0002
3373.200 -1.070237E-0002
3373.250 -1.108448E-0002
3373.300 -1.146872E-0002
3373.350 -1.191275E-0002
3373.400 -1.241149E-0002
3373.450 -1.257478E-0002
3373.500 -1.290134E-0002
3373.550 -1.308774E-0002
3373.600 -1.333564E-0002
3373.650 -1.351186E-0002
3373.700 -1.339420E-0002
3373.750 -1.338276E-0002
3373.800 -1.324114E-0002
3373.850 -1.300430E-0002
3373.900 -1.267353E-0002
3373.950 -1.227576E-0002
3374.000 -1.187820E-0002
3374.050 -1.144650E-0002
3374.100 -1.074339E-0002
3374.150 -1.004493E-0002
3374.200 -9.411164E-0003
3374.250 -8.665218E-0003
3374.300 -7.818128E-0003
3374.350 -6.950257E-0003
3374.400 -6.263470E-0003
3374.450 -5.413199E-0003
3374.500 -4.583708E-0003
3374.550 -3.671309E-0003
3374.600 -3.037109E-0003
3374.650 -2.288194E-0003
3374.700 -1.467609E-0003
3374.750 -7.914249E-0004
3374.800 -2.040855E-0004
3374.850  3.047981E-0004
3374.900  8.596947E-0004
3374.950  1.370062E-0003
3375.000  1.809396E-0003
3375.050  2.084397E-0003
3375.100  2.538998E-0003
3375.150  2.751871E-0003
3375.200  3.016694E-0003
3375.250  3.074565E-0003
3375.300  3.192655E-0003
3375.350  3.340644E-0003
3375.400  3.399786E-0003
3375.450  3.331068E-0003
3375.500  3.352467E-0003
3375.550  3.337182E-0003
3375.600  3.326351E-0003
3375.650  3.329727E-0003
3375.700  3.384629E-0003
3375.750  3.270957E-0003
3375.800  3.147744E-0003
3375.850  3.243782E-0003
3375.900  3.126718E-0003
3375.950  3.337894E-0003
3376.000  3.355265E-0003
3376.050  3.309022E-0003
3376.100  3.508536E-0003
3376.150  3.574465E-0003
3376.200  3.766770E-0003
3376.250  4.046436E-0003
3376.300  4.191668E-0003
3376.350  4.456703E-0003
3376.400  4.512029E-0003
3376.450  4.734868E-0003
3376.500  4.905968E-0003
3376.550  5.146619E-0003
3376.600  5.268526E-0003
3376.650  5.306889E-0003
3376.700  5.466963E-0003
3376.750  5.448711E-0003
3376.800  5.440848E-0003
3376.850  5.504019E-0003
3376.900  5.385895E-0003
3376.950  5.193132E-0003
3377.000  4.950962E-0003
3377.050  4.665537E-0003
3377.100  4.356999E-0003
3377.150  3.983153E-0003
3377.200  3.614182E-0003
3377.250  3.289954E-0003
3377.300  2.656355E-0003
3377.350  2.089762E-0003
3377.400  1.574695E-0003
3377.450  1.014251E-0003
3377.500  3.176771E-0004
3377.550 -2.105364E-0004
3377.600 -7.803105E-0004
3377.650 -1.442957E-0003
3377.700 -2.098609E-0003
3377.750 -2.624913E-0003
3377.800 -3.181965E-0003
3377.850 -3.664801E-0003
3377.900 -4.136824E-0003
3377.950 -4.604816E-0003
3378.000 -4.955551E-0003
3378.050 -5.198780E-0003
3378.100 -5.496292E-0003
3378.150 -5.870563E-0003
3378.200 -5.928892E-0003
3378.250 -6.223223E-0003
3378.300 -6.140544E-0003
3378.350 -6.247431E-0003
3378.400 -6.158389E-0003
3378.450 -6.208025E-0003
3378.500 -6.183656E-0003
3378.550 -6.118788E-0003
3378.600 -5.814738E-0003
3378.650 -5.827054E-0003
3378.700 -5.606546E-0003
3378.750 -5.510933E-0003
3378.800 -5.487201E-0003
3378.850 -5.332640E-0003
3378.900 -5.123795E-0003
3378.950 -5.134414E-0003
3379.000 -5.055764E-0003
3379.050 -5.008071E-0003
3379.100 -5.053253E-0003
3379.150 -4.959548E-0003
3379.200 -4.951720E-0003
3379.250 -5.003475E-0003
3379.300 -5.244583E-0003
3379.350 -5.366100E-0003
3379.400 -5.400044E-0003
3379.450 -5.578813E-0003
3379.500 -5.683367E-0003
3379.550 -5.928292E-0003
3379.600 -6.219867E-0003
3379.650 -6.345413E-0003
3379.700 -6.470958E-0003
3379.750 -6.524198E-0003
3379.800 -6.733712E-0003
3379.850 -7.000054E-0003
3379.900 -7.166736E-0003
3379.950 -7.419932E-0003
3380.000 -7.398320E-0003
3380.050 -7.449863E-0003
3380.100 -7.442883E-0003
3380.150 -7.670420E-0003
3380.200 -7.554026E-0003
3380.250 -7.605358E-0003
3380.300 -7.462246E-0003
3380.350 -7.458871E-0003
3380.400 -7.378524E-0003
3380.450 -7.187916E-0003
3380.500 -7.026357E-0003
3380.550 -6.913568E-0003
3380.600 -6.644504E-0003
3380.650 -6.406822E-0003
3380.700 -6.296153E-0003
3380.750 -6.071617E-0003
3380.800 -5.827999E-0003
3380.850 -5.517162E-0003
3380.900 -5.317224E-0003
3380.950 -5.143579E-0003
3381.000 -4.730538E-0003
3381.050 -4.633863E-0003
3381.100 -4.373281E-0003
3381.150 -3.992684E-0003
3381.200 -3.802286E-0003
3381.250 -3.609558E-0003
3381.300 -3.402833E-0003
3381.350 -3.193989E-0003
3381.400 -2.966698E-0003
3381.450 -2.944662E-0003
3381.500 -2.619619E-0003
3381.550 -2.338893E-0003
3381.600 -2.249217E-0003
3381.650 -2.021924E-0003
3381.700 -1.877753E-0003
3381.750 -1.838118E-0003
3381.800 -1.576899E-0003
3381.850 -1.538324E-0003
3381.900 -1.412389E-0003
3381.950 -1.427885E-0003
3382.000 -1.323577E-0003
3382.050 -1.249592E-0003
3382.100 -1.098423E-0003
3382.150 -1.010442E-0003
3382.200 -9.148286E-0004
3382.250 -8.836763E-0004
3382.300 -8.062978E-0004
3382.350 -8.979174E-0004
3382.400 -8.531928E-0004
3382.450 -8.021078E-0004
3382.500 -7.656541E-0004
3382.550 -6.214830E-0004
3382.600 -6.096252E-0004
3382.650 -5.943750E-0004
3382.700 -5.693717E-0004
3382.750 -5.221035E-0004
3382.800 -4.455726E-0004
3382.850 -4.992367E-0004
3382.900 -4.693562E-0004
3382.950 -5.223833E-0004
3383.000 -3.048451E-0004
3383.050 -5.077861E-0004
3383.100 -3.487721E-0004
3383.150 -3.089258E-0004
3383.200 -3.411725E-0004
3383.250 -3.494592E-0004
3383.300 -3.310292E-0004
3383.350 -4.410958E-0004
3383.400 -3.524795E-0004
3383.450 -3.539801E-0004
3383.500 -2.479762E-0004
3383.550 -1.748394E-0004
3383.600 -1.816414E-0004
3383.650 -2.499362E-0004
3383.700 -2.974502E-0004
3383.750 -2.781716E-0004
3383.800 -2.866709E-0004
3383.850 -2.213789E-0004
3383.900 -1.582073E-0004
3383.950 -2.114466E-0004
3384.000 -4.479896E-0005
3384.050 -2.339578E-0004
3384.100 -1.979273E-0004
3384.150 -1.659262E-0004
3384.200 -1.142047E-0004
3384.250 -1.265399E-0005
3384.300 -1.167837E-0004
3384.350 -1.290988E-0004
3384.400 -1.151210E-0004
3384.450 -1.393109E-0004
3384.500 -9.098235E-0005
3384.550 -1.664865E-0004
3384.600 -1.101005E-0004
3384.650 -1.319576E-0004
3384.700 -9.613980E-0005
3384.750 -1.061226E-0004
3384.800 -1.018991E-0004
3384.850 -8.876954E-0005
3384.900 -1.106265E-0004
3384.950 -1.539005E-0004
3385.000 -1.526452E-0004
3385.050 -1.900729E-0006
3385.100 -1.895744E-0004
3385.150 -2.281828E-0004
3385.200 -2.044514E-0004
3385.250 -1.145628E-0004
3385.300 -8.553050E-0005
3385.350 -9.614936E-0005
3385.400 -4.888103E-0005
3385.450 -1.014843E-0004
3385.500 -5.315631E-0005
3385.550 -1.564173E-0005
3385.600 -1.396255E-0005
3385.650 -1.100342E-0004
3385.700 -1.361325E-0004
3385.750 -2.652388E-0005
3385.800 -2.102789E-0005
3385.850 -5.963688E-0005
3385.900  2.155844E-0005
3385.950 -7.939045E-0005
3386.000 -6.392862E-0005
3386.050 -9.663232E-0006
3386.100 -2.145126E-0004
3386.150 -6.058725E-0005
3386.200 -9.389483E-0005
3386.250 -1.002730E-0004
3386.300 -1.751408E-0004
3386.350 -1.444122E-0004
3386.400 -7.912009E-0005
3386.450 -1.599252E-0004
3386.500 -2.338717E-0005
3386.550 -5.054572E-0005
3386.600 -1.162956E-0004
3386.650  2.342322E-0005
3386.700 -3.278523E-0005
3386.750  6.664543E-0005
3386.800 -1.123349E-0004
3386.850 -7.566897E-0005
3386.900 -2.331139E-0005
3386.950  1.191634E-0004
3387.000  6.571205E-0005
3387.050  6.060572E-0005
3387.100  3.365932E-0005
3387.150  2.048074E-0006
3387.200 -5.755235E-0005
3387.250 -2.470323E-0005
3387.300  2.553371E-0005
3387.350 -7.075024E-0005
3387.400  1.341325E-0005
3387.450 -1.144649E-0004
3387.500 -3.560244E-0005
3387.550 -4.261718E-0005
3387.600 -1.359324E-0004
3387.650 -6.936840E-0005
3387.700 -3.249030E-0005
3387.750  8.962907E-0005
3387.800  1.250231E-0004
3387.850  3.234326E-0005
3387.900 -5.227800E-0005
3387.950  7.386982E-0005
3388.000  6.388640E-0005
3388.050  5.072317E-0005
3388.100 -4.301640E-0005
3388.150  2.460791E-0005
3388.200 -5.195653E-0005
3388.250 -2.907272E-0005
3388.300  1.034973E-0005
3388.350 -4.564655E-0005
3388.400 -5.329664E-0005
3388.450  5.949234E-0005
3388.500  3.466651E-0005
3388.550  4.122278E-0005
3388.600 -2.367906E-0005
3388.650 -2.072788E-0005
3388.700  8.729272E-0006
3388.750 -3.602874E-0005
3388.800 -1.802345E-0004
3388.850 -5.514695E-0005
3388.900 -5.134712E-0005
3388.950 -9.356024E-0005
3389.000 -3.653833E-0005
3389.050  8.494456E-0005
3389.100  5.503000E-0005
3389.150 -4.210251E-0005
3389.200 -6.714050E-0005
3389.250  2.465653E-0005
3389.300 -5.530040E-0005
3389.350 -9.518131E-0005
3389.400 -5.872694E-0005
3389.450  9.321616E-0006
3389.500 -2.398596E-0005
3389.550 -2.654792E-0005
3389.600 -5.921902E-0005
3389.650 -1.334512E-0004
3389.700 -3.423214E-0005
3389.750 -6.838837E-0005
3389.800  9.232241E-0005
3389.850  1.037557E-0004
3389.900 -4.172180E-0005
3389.950  1.032974E-0004
3390.000 -5.172229E-0005
3390.050 -2.820252E-0005
3390.100  3.586832E-0006
3390.150 -1.721046E-0005
3390.200 -1.765186E-0005
3390.250 -3.272349E-0005
3390.300  4.613902E-0005
3390.350  3.594396E-0005
3390.400 -1.793168E-0005
3390.450  4.739440E-0006
3390.500 -2.347888E-0005
3390.550  7.065036E-0005
3390.600 -1.274135E-0004
3390.650 -1.208571E-0004
3390.700  6.350425E-0006
3390.750 -7.237126E-0006
3390.800 -8.316508E-0005
3390.850 -4.726897E-0006
3390.900  1.200745E-0005
3390.950 -1.589155E-0004
3391.000 -1.038014E-0004
3391.050  7.874942E-0005
3391.100  5.137923E-0005
3391.150 -1.030044E-0004
3391.200 -4.895067E-0005
3391.250 -3.590833E-0006
3391.300  9.817203E-0005
3391.350  1.193590E-0004
3391.400  1.395750E-0005
3391.450 -1.300361E-0004
3391.500 -6.113940E-0005
3391.550  1.369413E-0005
3391.600  1.362373E-0004
3391.650  5.352393E-0005
3391.700  4.963278E-0007
3391.750  4.522020E-0005
3391.800  6.823895E-0006
3391.850  1.717567E-0006
3391.900  1.785433E-0004
3391.950 -5.101990E-0006
3392.000  3.220042E-0005
3392.050  2.285337E-0006
3392.100  3.640742E-0005
3392.150  5.971459E-0005
3392.200 -3.360066E-0005
3392.250 -1.379426E-0004
3392.300 -2.663766E-0005
3392.350 -1.195291E-0004
3392.400 -5.891402E-0006
3392.450  7.026051E-0006
3392.500  3.817892E-0005
3392.550 -1.654492E-0005
3392.600  1.252945E-0004
3392.650  6.675390E-0005
3392.700  9.069747E-0005
3392.750  1.382198E-0007
3392.800  2.938321E-0005
3392.850  6.138421E-0005
3392.900  7.175737E-0005
3392.950  3.293674E-0005
3393.000 -9.912872E-0006
3393.050 -2.562099E-0005
3393.100  5.154527E-0005
3393.150  4.261605E-0007
3393.200 -4.284725E-0005
3393.250  3.177413E-0005
3393.300  6.822842E-0005
3393.350 -4.205033E-0005
3393.400  1.815252E-0005
3393.450  5.836890E-0006
3393.500 -3.998141E-0005
3393.550 -3.936199E-0005
3393.600 -9.684237E-0005
3393.650 -4.978620E-0005
3393.700 -1.142402E-0005
3393.750 -7.835922E-0006
3393.800  5.575934E-0005
3393.850  8.860898E-0005
3393.900  7.692939E-0005
3393.950  4.171341E-0005
3394.000  4.042442E-0005
3394.050  1.815420E-0006
3394.100  1.409691E-0005
3394.150 -5.398570E-0005
3394.200 -1.682934E-0004
3394.250 -4.002503E-0005
3394.300  7.403639E-0005
3394.350  2.843026E-0005
3394.400 -2.714163E-0005
3394.450 -6.166226E-0006
3394.500 -3.905000E-0005
3394.550  5.719980E-0005
3394.600  1.333058E-0004
3394.650  6.819187E-0005
3394.700  8.379281E-0006
3394.750 -1.095331E-0004
3394.800 -3.872801E-0005
3394.850  4.904005E-0005
3394.900  9.312752E-0005
3394.950 -3.941562E-0005
3395.000  3.372167E-0005
3395.050  6.254234E-0005
3395.100 -7.996664E-0005
3395.150  3.984694E-0006
3395.200  9.938690E-0005
3395.250 -2.446286E-0005
3395.300  7.327156E-0005
3395.350 -3.128250E-0005
3395.400 -4.465780E-0005
3395.450 -2.856002E-0005
3395.500 -2.942521E-0005
3395.550 -1.505179E-0004
3395.600 -7.314001E-0005
3395.650 -6.297901E-0005
3395.700 -5.260592E-0005
3395.750  4.003923E-0005
3395.800 -1.277620E-0005
3395.850  5.654306E-0006
3395.900  1.772372E-0005
3395.950  1.016754E-0004
3396.000 -8.324222E-0005
3396.050  3.293977E-0005
3396.100  4.416097E-0005
3396.150 -7.247939E-0005
3396.200 -1.164014E-0005
3396.250  8.206529E-0005
3396.300  3.688296E-0005
3396.350 -3.268382E-0005
3396.400  4.109004E-0005
3396.450 -4.091776E-0006
3396.500  5.856987E-0006
3396.550 -9.678866E-0005
3396.600  7.306933E-0006
3396.650  1.061017E-0004
3396.700  3.271813E-0005
3396.750  2.379237E-0006
3396.800  3.904517E-0005
3396.850  1.028525E-0004
3396.900  2.522847E-0005
3396.950  5.701783E-0005
3397.000 -4.053857E-0005
3397.050  1.269572E-0004
3397.100  5.696662E-0005
3397.150 -1.573958E-0006
3397.200 -3.869835E-0005
3397.250  3.210621E-0005
3397.300 -6.990295E-0005
3397.350 -1.924169E-0005
3397.400 -2.858855E-0005
3397.450  1.291880E-0006
3397.500  3.053687E-0005
3397.550 -4.327104E-0005
3397.600 -1.058401E-0004
3397.650 -6.662925E-0005
3397.700  1.104085E-0004
3397.750 -2.743602E-0005
3397.800 -3.116004E-0007
3397.850 -7.772417E-0005
3397.900  5.266488E-0005
3397.950 -3.683408E-0005
3398.000  8.592125E-0005
3398.050 -3.365551E-0006
3398.100  1.654957E-0005
3398.150 -1.972662E-0005
3398.200 -7.211826E-0005
3398.250 -1.488943E-0004
3398.300  9.908034E-0006
3398.350 -4.757234E-0005
3398.400  7.433443E-0005
3398.450 -5.311946E-0005
3398.500  3.358832E-0005
3398.550 -1.159349E-0005
3398.600  8.783716E-0005
3398.650  5.961840E-0005
3398.700 -3.518146E-0005
3398.750  1.251111E-0005
3398.800 -4.624171E-0005
3398.850 -6.818727E-0006
3398.900  1.657664E-0004
3398.950  6.969407E-0005
3399.000  7.222137E-0005
3399.050  4.379089E-0005
3399.100 -5.991452E-0005
3399.150 -1.070051E-0004
3399.200 -1.012970E-0004
3399.250  5.979413E-0006
3399.300 -1.100245E-0004
3399.350  2.778535E-0005
